00000001000000000010001010000011
00000000010100000000000010110011
00000000010100001000000100110011
00000000000100010000000010110011
00000000001000001000000100110011
00000000000100010000000010110011
00000000001000001000000100110011
00000000000100010000000010110011
00000000001000001000000100110011
00000000000100010000000010110011
00000000001000001000000100110011
00000000000100010000000010110011
00000000001000001000000100110011
00000000000100010000000010110011
00000000001000001000000100110011
00000000000100010000000010110011
00000000001000001000000100110011
00000000000100010000000010110011
00000000001000001000000100110011
00000000000100010000000010110011
00000000001000001000000100110011
00000000000100010000000010110011
00000000001000001000000100110011
00000000000100010000000010110011
00000000001000001000000100110011
00000000000100010000000010110011
00000000001000001000000100110011
00000000000100010000000010110011
00000000001000001000000100110011
00000000000100010000000010110011
00000000001000001000000100110011
00000000000100010000000010110011
00000000001000001000000100110011
00000000000100010000000010110011
00000000001000001000000100110011
00000000000100010000000010110011
00000000001000001000000100110011
00000000000100010000000010110011
00000000001000001000000100110011
00000000000100010000000010110011
00000000001000001000000100110011
00000000000100010000000010110011
00000000001000001000000100110011
00000000000100010000000010110011
00000000001000001000000100110011
00000010001000000010100000100011
00000010000000000010000010000011
00000010100000000010000110000011
00000001000000000010001010000011
01000000000100010000000100110011
00000000001000011111001000110011
00000000010100011110000110110011
00000010001000000010010000100011
00000000000000000000000001100011
